15
531
324	
31		
151		
186		
158		
133		
24		
141		
25		
115		
221		
37		
125		
231		
293		
530		
74		
155		
1		
174		
71		
2511		
87		
132		
175		
184		
16		
28		
156		
287		
41		
1052		
2722		
345		
166		
211		
295		
78		
187		
336		
1961		
209		
100		
2138		
276		
200		
373		
99		
69		
205		
26		
232		
101		
63		
278		
358		
172		
435		
418		
381		
206		
124		
56		
537		
375		
372		
9		
490		
159		
543		
323		
297		
1140		
145		
62		
98		
150		
45		
201		
58		
142		
520		
80		
493		
718		
177		
32		
164		
541		
616		
104		
46		
423		
93		
567		
302		
623		
704		
1135		
48		
162		
90		
1784		
171		
1962		
138		
288		
40		
203		
97		
154		
710		
788		
21		
214		
735		
277		
190		
317		
610		
82		
66		
7		
712		
2647		
318		
369		
144		
153		
480		
147		
630		
632		
736		
426		
716		
68		
52		
161		
523		
270		
527		
501		
339		
42		
479		
188		
476		
224		
61		
109		
23		
227		
2510		
76		
65		
102		
191		
1175		
508		
75		
89		
34		
18		
114		
364		
350		
564		
747		
51		
234		
653		
202		
431		
408		
50		
119		
280		
47		
199		
230		
275		
2427		
925		
497		
55		
137		
182		
127		
956		
217		
707		
1973		
651		
94		
60		
457		
641		
536		
1145		
491		
284		
43		
1092		
322		
744		
2159		
326		
3		
289		
601		
168		
1591		
1178		
2903		
1162		
639		
19		
30		
548		
702		
698		
694		
993		
86		
10		
85		
143		
482		
17		
654		
73		
120		
481		
105		
939		
1467		
684		
160		
338		
113		
36		
1142		
422		
178		
2137		
2105		
1155		
507		
107		
268		
512		
1476		
565		
272		
390		
274		
402		
281		
569		
1455		
1428		
691		
204		
566		
312		
513		
595		
1019		
535		
353		
70		
560		
135		
562		
434		
348		
149		
359		
1144		
488		
148		
631		
307		
1868		
558		
542		
292		
117		
2470		
1177		
291		
1117		
283		
465		
179		
215		
1169		
627		
1074		
3257		
192		
648		
352		
666		
1113		
8		
1063		
152		
163		
361		
1943		
549		
637		
843		
388		
441		
207		
1015		
335		
1950		
1982		
1179		
1111		
1133		
121		
3105		
617		
116		
1116		
2002		
1464		
371		
220		
424		
726		
697		
1109		
2519		
652		
783		
244		
22		
2875		
108		
173		
1180		
1186		
170		
354		
955		
1199		
1826		
57		
695		
678		
427		
208		
1183		
489		
633		
662		
11		
2		
714		
2126		
510		
519		
468		
660		
2516		
251		
440		
84		
669		
503		
650		
681		
296		
814		
1017		
672		
110		
130		
176		
1129		
2131		
346		
444		
316		
169		
492		
195		
1067		
679		
2650		
675		
644		
615		
3252		
2079		
2533		
2170		
223		
157		
1104		
253		
129		
495		
2885		
2646		
559		
1122		
1790		
723		
2120		
393		
752		
467		
1051		
4137		
703		
1102		
319		
1130		
786		
35		
498		
602		
1209		
3516		
273		
294		
1759		
1156		
193		
867		
770		
64		
1380		
940		
290		
1814		
106		
1820		
518		
734		
635		
1202		
421		
742		
2697		
664		
785		
912		
2876		
484		
715		
1383		
1090		
2106		
392		
330		
915		
406		
1170		
310		
1187		
233		
657		
1132		
286		
844		
1058		
852		
570		
72		
1064		
146		
1011		
1485		
1206		
1443		
1543		
954		
305		
228		
349		
668		
367		
594		
95		
923		
2110		
1531		
1479		
414		
2107		
642		
249		
3595		
198		
2601		
410		
1429		
789		
659		
677		
212		
665		
1828		
599		
1146		
2123		
800		
1613		
2604		
416		
1141		
629		
2520		
2624		
1158		
2101		
165		
1417		
1215		
3803		
112		
429		
1078		
2472		
238		
2722		
504		
1003		
123		
355		
740		
529		
1124		
612		
1993		
568		
1159		
525		
458		
619		
420		
975		
1957		
189		
462		
692		
2689		
1091		
1397		
197		
1705		
382		
1038		
2469		
544		
3226		
1065		
360		
1203		
738		
389		
239		
605		
2024		
1366		
1037		
1445		
237		
246		
1083		
374		
2525		
285		
973		
3319		
3979		
946		
499		
1220		
1753		
1535		
1411		
54		
965		
667		
674		
1132		
1120		
204		
646		
1079		
2790		
547		
469		
1153		
1070		
240		
2674		
3619		
807		
2838		
1071		
2173		
1149		
398		
953		
3599		
577		
1284		
1929		
2127		
2518		
397		
705		
686		
1832		
624		
699		
1779		
1041		
1163		
365		
3538		
2815		
1815		
4060		
606		
661		
1121		
2422		
645		
1027		
103		
3000		
2203		
1526		
3107		
1185		
2774		
763		
2174		
1136		
935		
1066		
2076		
1477		
83		
1658		
2866		
415		
1821		
1171		
2685		
1131		
1106		
522		
626		
1061		
1398		
4273		
1602		
430		
1994		
1013		
4277		
2088		
603		
2610		
1228		
647		
725		
1127		
757		
696		
29		
1254		
2721		
4394		
1496		
1181		
477		
1457		
2134		
769		
1238		
1139		
1825		
1981		
2843		
377		
917		
242		
1977		
1421		
235		
1108		
1998		
613		
2119		
2503		
638		
2124		
300		
363		
2151		
1471		
1388		
2917		
877		
921		
1636		
1222		
3062		
683		
167		
1168		
1341		
1979		
436		
579		
2534		
2211		
2688		
561		
756		
1157		
1817		
1376		
945		
1933		
905		
327		
796		
1762		
990		
4251		
777		
1082		
628		
2136		
303		
1081		
2978		
848		
225		
4776		
2393		
3692		
271		
767		
2257		
136		
1173		
792		
1518		
1606		
812		
33		
1746		
1678		
2663		
3394		
1054		
2672		
2171		
2686		
1385		
899		
1028		
2196		
516		
2201		
780		
5022		
248		
521		
6398		
3474		
3256		
131		
1474		
4499		
2708		
1780		
2545		
1503		
1796		
2706		
947		
526		
1016		
2478		
1827		
196		
963		
1137		
1075		
4380		
1738		
840		
2649		
1680		
387		
3532		
344		
3930		
1219		
3113		
1010		
1468		
1334		
3002		
254		
717		
331		
2190		
1936		
1493		
2633		
1381		
301		
1035		
1093		
1287		
2168		
1747		
3613		
1755		
737		
1039		
2873		
1481		
772		
1191		
689		
1119		
4141		
2128		
3178		
2040		
3670		
1469		
1098		
2957		
2216		
722		
4361		
428		
2130		
1207		
1110		
1160		
1972		
849		
2501		
1232		
2694		
787		
2868		
2668		
2990		
841		
2658		
2072		
931		
813		
1769		
39		
1629		
2067		
1427		
1942		
2495		
2830		
1627		
2888		
3250		
1536		
649		
4854		
551		
306		
688		
563		
3322		
4452		
3784		
88		
1782		
3745		
3591		
5		
79		
2956		
2117		
3950		
838		
1048		
1229		
708		
1452		
1256		
5118		
3555		
2091		
1327		
2153		
790		
1937		
2602		
1280		
2969		
1702		
3109		
380		
1951		
1415		
411		
1986		
2707		
810		
3880		
1060		
2723		
1465		
2959		
269		
256		
1968		
1447		
134		
3253		
1818		
1154		
279		
439		
3827		
663		
2930		
634		
181		
609		
2114		
759		
730		
2961		
446		
1995		
500		
1987		
1320		
2042		
311		
1324		
314		
370		
892		
4465		
1147		
1073		
1509		
3372		
1459		
2976		
2607		
2964		
399		
2069		
3824		
2226		
797		
640		
2788		
1765		
229		
3093		
1270		
1189		
383		
1521		
3960		
347		
1167		
454		
1384		
3008		
901		
2179		
693		
3450		
3183		
2064		
1414		
739		
1023		
2927		
443		
2676		
329		
1761		
636		
1118		
1813		
1978		
1583		
1059		
3148		
1487		
210		
784		
1404		
1319		
846		
308		
376		
1522		
4389		
1527		
2278		
2879		
4542		
1948		
1628		
2724		
1198		
1475		
3638		
1897		
1842		
4203		
1246		
1274		
1352		
1516		
1112		
1174		
2669		
4121		
1188		
1945		
3241		
1242		
1964		
1105		
5000		
2421		
3251		
4515		
913		
517		
2125		
2909		
2787		
2133		
343		
3045		
597		
1585		
533		
4116		
2736		
1913		
4202		
2158		
625		
2104		
1125		
778		
3928		
2625		
2702		
1483		
20		
3446		
1529		
1563		
2152		
600		
474		
2901		
1014		
1088		
4514		
1076		
4151		
3266		
1823		
3466		
1197		
5130		
1080		
1297		
3218		
2937		
1425		
384		
1062		
1620		
3478		
1241		
1020		
222		
1408		
2087		
1845		
934		
1456		
3401		
1976		
3276		
1208		
977		
732		
1816		
3103		
655		
4814		
494		
2440		
3616		
2711		
1084		
3636		
1764		
13		
485		
1740		
472		
4987		
1545		
943		
1322		
3227		
4453		
3114		
2090		
2548		
1212		
2290		
1811		
471		
342		
2392		
2777		
1101		
2496		
1273		
2078		
1150		
701		
1097		
1520		
1056		
2206		
1517		
2109		
2800		
236		
1166		
2869		
1612		
1439		
1500		
3576		
396		
1776		
3854		
3405		
2727		
3033		
1393		
2164		
2498		
845		
1068		
911		
1768		
728		
1919		
2967		
1405		
4663		
3246		
218		
3320		
927		
776		
4284		
621		
250		
685		
241		
888		
1283		
3685		
3643		
2606		
1988		
1138		
2000		
904		
658		
2246		
4133		
7943		
2147		
957		
3116		
2417		
4454		
385		
3817		
1900		
2017		
44		
611		
2572		
351		
2419		
1997		
1824		
3612		
1018		
368		
1549		
2691		
2897		
4993		
2169		
5158		
3475		
3187		
1621		
2189		
6804		
1390		
1772		
3823		
180		
545		
1047		
2004		
4860		
2687		
2135		
618		
3480		
4276		
764		
6262		
749		
337		
2146		
1532		
2453		
1923		
3962		
1025		
4110		
2935		
1599		
4536		
2150		
871		
958		
4143		
2452		
1478		
2034		
3554		
1204		
584		
886		
298		
2194		
2077		
1966		
3014		
969		
779		
1932		
437		
1797		
1089		
1774		
1435		
4496		
835		
2228		
1462		
2871		
2684		
1100		
1618		
2122		
2527		
4992		
3031		
2671		
1975		
944		
7532		
1989		
282		
4059		
1715		
1030		
4083		
3197		
3244		
552		
745		
4906		
432		
2154		
2648		
321		
219		
59		
1152		
1077		
1303		
10653		
1087		
2208		
7731		
9752		
2779		
2512		
3331		
1953		
1711		
3445		
309		
3487		
1250		
1623		
6167		
999		
2666		
1230		
405		
1126		
3452		
1841		
2006		
1224		
1949		
2095		
4815		
2261		
2230		
2665		
4204		
1833		
1489		
1036		
1012		
1406		
1887		
6938		
2142		
139		
3249		
1985		
2818		
2111		
952		
528		
315		
3229		
4961		
534		
2943		
3890		
1369		
1134		
1307		
2749		
3799		
14		
2920		
1787		
3891		
680		
259		
2012		
4395		
1103		
2185		
4348		
1679		
4326		
1237		
2590		
466		
1044		
4263		
1801		
865		
2178		
799		
3957		
906		
3463		
1196		
1195		
96		
1931		
2197		
3067		
2828		
1165		
2988		
2962		
3035		
4647		
1971		
3025		
1151		
2926		
3998		
6940		
2768		
2538		
2925		
3030		
1570		
3047		
1227		
496		
774		
2742		
2255		
2231		
2673		
1473		
3231		
2765		
255		
4126		
3448		
771		
898		
951		
4471		
4516		
4288		
2214		
3267		
4115		
2603		
3517		
4120		
4942		
682		
1876		
1164		
3327		
4550		
1430		
781		
4601		
1499		
4181		
4261		
1928		
930		
3171		
3156		
873		
5343		
1822		
1510		
1205		
1785		
5117		
5145		
267		
1258		
1812		
1040		
2762		
2121		
1042		
1176		
1871		
1276		
1021		
12		
1057		
1581		
2795		
10656		
1321		
449		
2494		
3593		
366		
3072		
1748		
2804		
3316		
4112		
1333		
2998		
2167		
1323		
3800		
1460		
9377		
6062		
2698		
803		
1730		
3479		
3596		
2249		
2212		
2073		
2082		
4594		
2448		
1349		
3618		
2639		
524		
2975		
6914		
884		
839		
3590		
1643		
6083		
1233		
1289		
3527		
433		
2080		
1610		
6410		
833		
2796		
729		
3321		
2852		
8461		
2155		
1029		
1633		
3597		
1729		
719		
891		
1562		
760		
1771		
1573		
1245		
1026		
3263		
2627		
3238		
1049		
459		
753		
540		
2306		
5700		
1534		
2092		
3404		
827		
4768		
1172		
1586		
980		
1400		
3108		
7382		
3585		
1454		
2733		
2093		
1286		
897		
2509		
1775		
1557		
1266		
1631		
1830		
2050		
2867		
7632		
1418		
3493		
4765		
2716		
1880		
2145		
386		
8887		
2922		
2514		
419		
2549		
2423		
3203		
3689		
2019		
49		
1991		
3282		
2308		
4416		
2657		
1601		
456		
2635		
8790		
1403		
4949		
532		
2504		
3639		
6806		
7528		
721		
5784		
362		
539		
643		
1365		
4823		
2482		
1795		
4396		
2887		
1587		
4558		
1550		
1281		
2806		
1386		
412		
5265		
2588		
3021		
409		
1537		
1335		
1330		
2880		
3958		
2919		
1407		
2667		
3309		
1434		
2865		
475		
3605		
604		
299		
2700		
2678		
836		
2045		
7748		
2420		
38		
3081		
2744		
1085		
6591		
5159		
1234		
2055		
2947		
8850		
1921		
2094		
2236		
974		
546		
2186		
1248		
1750		
3243		
4612		
2513		
9040		
2028		
1501		
265		
1239		
1777		
3661		
3521		
4393		
1749		
5839		
4482		
3434		
3294		
687		
1488		
3192		
3887		
4947		
762		
2089		
1428		
700		
2757		
2218		
1441		
5060		
1309		
2994		
1959		
4262		
3671		
2260		
2615		
5125		
805		
727		
7732		
5320		
1567		
6255		
1515		
3396		
2250		
3601		
3857		
1498		
2213		
3876		
1704		
5983		
5884		
2750		
8938		
325		
5220		
3323		
2743		
2480		
883		
984		
5323		
1328		
1387		
2217		
2444		
3004		
2884		
2846		
425		
3878		
1358		
2204		
11822		
2586		
894		
1347		
1192		
1442		
1614		
902		
4715		
3956		
2929		
452		
4293		
3333		
932		
8884		
2429		
6161		
2923		
2872		
1891		
2285		
5273		
6931		
2821		
2720		
3720		
4119		
1546		
438		
2693		
791		
3490		
4608		
1339		
3818		
1676		
2653		
961		
2475		
1299		
3807		
5261		
7834		
4139		
8361		
3412		
3657		
11538		
3764		
262		
2005		
4282		
868		
3882		
4617		
1839		
486		
1053		
806		
1872		
1600		
9106		
2661		
77		
1269		
1318		
3648		
3608		
1594		
775		
2219		
1574		
900		
3182		
5491		
2916		
982		
9718		
3924		
3644		
890		
5868		
111		
1651		
4761		
3160		
2898		
2891		
3867		
3529		
3786		
2266		
2450		
2445		
2081		
1525		
1395		
2968		
3905		
3135		
720		
1626		
815		
1055		
1364		
4626		
2234		
2861		
5112		
6052		
3792		
11523		
7622		
1935		
1624		
1965		
5127		
4783		
10695		
2074		
2227		
6756		
2254		
1724		
3368		
2900		
1368		
2644		
3485		
2200		
2746		
5947		
3947		
3678		
2222		
2679		
2760		
1682		
2302		
5165		
4250		
1646		
4673		
1902		
1805		
2436		
1450		
1969		
2831		
6254		
1934		
3290		
1870		
2058		
869		
3220		
8468		
3208		
2291		
2479		
670		
2043		
1389		
1861		
1604		
754		
5203		
216		
3933		
1399		
896		
3780		
6129		
4341		
3379		
128		
8921		
2931		
607		
978		
1760		
9245		
1992		
5065		
2271		
6590		
2097		
1161		
4684		
2007		
1331		
4912		
2312		
2543		
3458		
5976		
4808		
7618		
4683		
3264		
2555		
3953		
2301		
2753		
1194		
1313		
3283		
3189		
2889		
2269		
4342		
1372		
5104		
6032		
2507		
3255		
2934		
1808		
8791		
2100		
656		
1597		
2554		
4462		
751		
1472		
2605		
2141		
10675		
6158		
2907		
3892		
1504		
5703		
2068		
4850		
263		
194		
2780		
5759		
3332		
823		
3967		
3984		
8864		
2526		
1556		
2726		
8368		
5912		
3697		
3843		
1282		
2281		
4445		
4407		
15533		
2670		
478		
538		
1143		
2652		
2253		
2508		
4824		
3798		
1436		
1938		
850		
1032		
4773		
1603		
2483		
893		
5857		
2086		
1561		
1095		
8901		
6134		
1924		
761		
1444		
2299		
1940		
3925		
3781		
4021		
1190		
1598		
2233		
1379		
3879		
7524		
4794		
3318		
3403		
8983		
1528		
4387		
755		
9786		
9527		
1954		
1244		
1952		
5129		
5212		
2220		
1727		
11649		
3381		
3094		
3095		
2486		
445		
3603		
3287		
598		
1548		
2979		
887		
1538		
4861		
998		
509		
4770		
798		
5428		
3336		
673		
1709		
12181		
3453		
3027		
6269		
5023		
2751		
4797		
3952		
908		
3015		
1259		
3005		
15971		
10659		
379		
334		
2044		
622		
3172		
3201		
3455		
3927		
2435		
874		
3409		
2958		
3975		
2184		
6044		
4596		
4843		
2847		
9264		
1974		
5234		
1551		
4800		
4847		
1426		
6185		
320		
1392		
5762		
5355		
2437		
2433		
8337		
2112		
4972		
5865		
968		
1344		
6270		
6025		
1371		
6160		
2651		
2621		
5382		
3898		
7161		
2277		
5397		
3003		
3983		
4665		
3010		
2026		
1033		
2221		
4599		
4232		
3934		
6381		
4754		
859		
3859		
6476		
4077		
1917		
2394		
1588		
4381		
5986		
4666		
4756		
4762		
2609		
5360		
5430		
5770		
3247		
4226		
6896		
587		
1345		
3406		
2863		
3583		
1148		
15518		
1497		
8879		
2001		
1182		
4724		
8827		
4274		
4436		
7384		
3461		
3790		
948		
5371		
3038		
2776		
2108		
2202		
2140		
3897		
4388		
854		
6148		
2118		
989		
6075		
2629		
3076		
3955		
4		
2786		
3972		
1742		
7941		
13033		
671		
5232		
5308		
6040		
2098		
1312		
1480		
5705		
8929		
4309		
4401		
5074		
4231		
1433		
1275		
4447		
3709		
1523		
8922		
3515		
8492		
8814		
4197		
2477		
1630		
12584		
3866		
2297		
1223		
8436		
67		
4769		
2307		
4132		
1285		
3248		
2833		
12190		
1677		
1193		
5779		
4832		
2987		
3821		
2719		
1767		
1728		
2755		
2683		
11648		
1253		
4419		
6292		
8511		
1644		
1022		
2877		
1956		
213		
3785		
1508		
3701		
1378		
3465		
2463		
3124		
1401		
3951		
802		
3326		
8498		
3545		
2741		
5238		
5807		
3845		
2272		
2471		
1807		
4027		
5152		
5120		
2238		
7744		
724		
2571		
1114		
4264		
8428		
2677		
2157		
3118		
8661		
442		
4620		
3776		
3265		
5163		
2752		
3686		
3707		
1346		
1592		
731		
3829		
885		
3999		
470		
1005		
8851		
6091		
3188		
8240		
9110		
6430		
2882		
4218		
2215		
5109		
3815		
463		
3270		
1898		
2918		
15532		
4964		
5418		
2139		
3888		
1737		
614		
3180		
9410		
6725		
8904		
5523		
2946		
3896		
4686		
5072		
4671		
4114		
3649		
12735		
2735		
1410		
2287		
6		
3128		
8391		
1635		
1217		
3112		
3911		
3592		
2336		
1264		
1699		
758		
5954		
4455		
5941		
6812		
1851		
1695		
4068		
5193		
1329		
3299		
2144		
4413		
903		
3875		
3652		
5715		
4464		
3496		
1656		
1791		
1960		
1302		
1675		
1763		
3136		
3640		
3305		
782		
6682		
7603		
8919		
4061		
942		
2132		
1492		
4812		
1502		
1580		
4963		
1681		
15517		
3196		
1781		
2654		
4827		
851		
5978		
7239		
3417		
7413		
2977		
81		
1288		
2309		
3259		
2459		
2181		
3863		
5285		
1236		
8598		
7628		
6092		
5116		
3447		
3454		
3588		
4889		
1685		
2166		
1617		
4509		
5204		
811		
3449		
5492		
3751		
1684		
4926		
1354		
4371		
1524		
4101		
5294		
5352		
4605		
7592		
2951		
4701		
2182		
6230		
3662		
1698		
5004		
1739		
8490		
818		
3414		
5252		
16693		
831		
4259		
1494		
15762		
1115		
13379		
391		
2286		
5338		
3274		
18827		
866		
1565		
8495		
4212		
5264		
8939		
4616		
4113		
3488		
328		
7980		
2160		
1486		
12273		
3163		
914		
5393		
3969		
992		
4087		
7151		
1416		
2655		
4956		
6274		
3307		
1031		
2339		
2681		
1926		
938		
4595		
2256		
1637		
4163		
3049		
580		
3719		
15524		
258		
8606		
6623		
4312		
4346		
2634		
937		
1647		
3300		
4592		
1437		
126		
10016		
5961		
1470		
926		
2515		
2622		
5469		
2789		
1332		
3647		
3539		
4177		
6256		
4091		
5239		
2424		
9681		
4540		
3626		
9463		
5164		
847		
1218		
2870		
4922		
4807		
5883		
5138		
14853		
4951		
4157		
5709		
3801		
9450		
1315		
608		
1659		
3985		
6588		
1279		
10673		
3634		
3783		
2773		
3380		
1607		
453		
3507		
4694		
2792		
1448		
5336		
2289		
979		
5304		
1314		
1544		
7752		
711		
4270		
3935		
1530		
895		
3001		
3277		
6084		
907		
2356		
4500		
2464		
960		
3993		
2632		
2443		
5144		
404		
1955		
9163		
5859		
2963		
2864		
4174		
1002		
7000		
3721		
1967		
3285		
3918		
6056		
2232		
1305		
5335		
15773		
13654		
185		
4377		
6860		
5103		
2565		
2321		
2199		
1714		
4392		
1731		
3023		
1240		
4372		
6532		
10668		
243		
3034		
2628		
12189		
2794		
1045		
4292		
3836		
4681		
2003		
11550		
1568		
5153		
2836		
1622		
340		
3632		
2009		
7016		
4373		
4208		
828		
2973		
417		
9617		
1272		
2030		
1725		
6941		
2895		
1506		
6319		
11697		
1235		
5058		
8394		
1533		
4650		
3154		
14657		
1004		
1946		
16254		
1803		
8339		
3710		
6163		
5143		
1835		
4907		
473		
2532		
822		
2193		
2148		
5365		
3484		
5348		
5322		
2745		
7013		
6389		
1958		
1947		
3833		
5290		
3544		
6094		
11821		
9378		
6793		
3586		
1783		
1922		
5139		
6151		
8731		
4597		
1579		
7378		
1798		
5432		
5740		
2811		
5712		
2083		
356		
2695		
2611		
6848		
2207		
5102		
2237		
4669		
3989		
9173		
8764		
8378		
8006		
5939		
1894		
6136		
6228		
1944		
1640		
6759		
4710		
2521		
3301		
3519		
3477		
2113		
12129		
5025		
1741		
5885		
3486		
6139		
6144		
713		
2350		
2619		
4280		
10661		
3293		
834		
3562		
11825		
1391		
9157		
2540		
4652		
2258		
4144		
7730		
5250		
3698		
1721		
5429		
1930		
3520		
2623		
6979		
4533		
1096		
4117		
15608		
2883		
12611		
5535		
5258		
11644		
11526		
5911		
4100		
2932		
581		
7962		
6051		
2581		
1990		
8379		
3237		
3627		
2851		
5299		
920		
1370		
13280		
1086		
6157		
3074		
4989		
4391		
1184		
941		
4976		
1382		
2600		
8880		
750		
4460		
4969		
6240		
3902		
8414		
5356		
6606		
5764		
5328		
6060		
11824		
2156		
2360		
3416		
2999		
4498		
506		
12734		
8460		
2165		
7386		
3342		
2539		
4427		
4439		
2275		
4740		
1490		
4852		
2728		
450		
1412		
3272		
5227		
5527		
2737		
9443		
7200		
4189		
1326		
5916		
2276		
4749		
7749		
10665		
4767		
3629		
15662		
8849		
1317		
1463		
1915		
3961		
12610		
3102		
1367		
1901		
2248		
856		
1799		
1905		
910		
1590		
15764		
987		
11785		
2551		
12594		
2447		
10332		
4400		
9854		
4758		
3894		
4135		
5550		
401		
4382		
1553		
3039		
3696		
4271		
1431		
6654		
4494		
4520		
2517		
4347		
11563		
3653		
9713		
861		
4289		
3908		
1673		
2198		
8832		
5363		
5342		
7196		
3173		
1449		
5753		
5853		
3268		
2675		
2754		
6788		
7383		
2638		
3075		
4985		
2229		
819		
5124		
6681		
3085		
4657		
2187		
3923		
2772		
1278		
9781		
12503		
5325		
2033		
2252		
2704		
5525		
916		
5714		
4811		
2099		
10890		
2960		
5412		
4916		
4611		
4519		
6045		
5035		
8507		
4747		
2662		
3017		
3337		
857		
596		
3702		
1734		
2439		
3046		
773		
8537		
1361		
5878		
2298		
3058		
5315		
690		
5832		
3356		
733		
2892		
7048		
2928		
6932		
4691		
5422		
6315		
6715		
4887		
6533		
6484		
1661		
1356		
6406		
4142		
4446		
1980		
5196		
3470		
1863		
7987		
15797		
4640		
226		
9063		
5888		
5267		
2856		
1357		
933		
2731		
2438		
1359		
5292		
2071		
3541		
247		
10428		
5326		
5609		
2747		
5838		
2458		
1716		
4583		
9153		
2793		
3228		
1910		
9415		
4901		
3621		
5311		
3664		
1069		
12331		
5105		
1697		
4857		
1541		
5398		
3713		
3281		
7435		
8829		
7379		
5195		
7179		
4076		
3524		
2734		
6143		
10875		
1221		
4205		
5874		
23120		
1446		
1458		
589		
1662		
4329		
5869		
2065		
13686		
4981		
6803		
3921		
11466		
2224		
407		
590		
17662		
7739		
5626		
5781		
5061		
3635		
5833		
4118		
10655		
252		
1495		
4450		
5362		
3589		
8604		
5179		
3837		
6095		
553		
3240		
11542		
5201		
4279		
3334		
1519		
6034		
1513		
6447		
6224		
6830		
10144		
5410		
2656		
4865		
3646		
12733		
9185		
1340		
245		
3328		
1649		
8816		
15563		
16223		
3726		
16799		
996		
6604		
6166		
922		
12596		
3739		
2950		
1744		
5971		
3548		
2300		
2319		
4325		
6712		
7946		
7972		
2620		
7951		
4456		
1605		
1874		
1243		
3987		
2732		
4653		
13293		
6192		
515		
1638		
5307		
1862		
3472		
3980		
4370		
5760		
2640		
3426		
576		
3142		
8863		
3855		
3996		
2268		
6188		
1201		
5270		
91		
6843		
3131		
3606		
15560		
8930		
5262		
15717		
1249		
7526		
1688		
313		
1925		
6488		
1672		
3191		
1802		
6602		
2305		
3151		
4870		
1213		
7214		
9292		
5354		
4376		
6731		
8933		
1507		
5433		
2416		
5769		
7741		
8501		
3929		
6184		
2636		
876		
2327		
5217		
9598		
2292		
5126		
5758		
7525		
3007		
4467		
17019		
2712		
12976		
2938		
10025		
5773		
1547		
1482		
6624		
6033		
7604		
7788		
5236		
3826		
1834		
2664		
1660		
2344		
2487		
1595		
2705		
5301		
4606		
10920		
3408		
9921		
8936		
2116		
2481		
6479		
4849		
6541		
3462		
1265		
2682		
2183		
17431		
1766		
4764		
1261		
3110		
11750		
1554		
2461		
7745		
9468		
2446		
3028		
2493		
5987		
6886		
5316		
5358		
6592		
4888		
2396		
6287		
4011		
3311		
4706		
511		
9156		
1619		
11930		
743		
5406		
8970		
1654		
3525		
7262		
5375		
2032		
7688		
6290		
15534		
3942		
5862		
6937		
3476		
5940		
11703		
3976		
14987		
2740		
13382		
7542		
5918		
6246		
6061		
4090		
4717		
5146		
5423		
3839		
5520		
2262		
2431		
5002		
4929		
6234		
4547		
2018		
19503		
5542		
929		
8500		
1231		
1941		
4257		
6314		
8956		
4097		
9604		
5274		
3155		
2553		
3170		
6289		
11583		
1491		
12748		
8664		
14803		
8885		
6321		
13283		
8355		
5730		
5280		
5106		
10885		
5556		
17113		
7255		
5344		
6141		
6813		
829		
6191		
7436		
2008		
8601		
1664		
5876		
5186		
1257		
8415		
7296		
3011		
8935		
15977		
5829		
5191		
1263		
1572		
7221		
7226		
10546		
6103		
5927		
6708		
9451		
2245		
3604		
7529		
9397		
11849		
4323		
13378		
4275		
7047		
7024		
3705		
1050		
5787		
3205		
4793		
2037		
9021		
1396		
8503		
11149		
1723		
4937		
4125		
2567		
9459		
7786		
9699		
936		
9449		
5388		
1867		
2608		
1916		
4256		
2311		
3330		
2242		
14052		
6934		
882		
5140		
5628		
11543		
7734		
3115		
15607		
1758		
19502		
4399		
5359		
3997		
7625		
6098		
3335		
3050		
5137		
3044		
8388		
12327		
2524		
1577		
5886		
4723		
6975		
11810		
12737		
1788		
1829		
15781		
7455		
4007		
1540		
1648		
6745		
5197		
11556		
4544		
3225		
5867		
5877		
4855		
1304		
5364		
7606		
741		
4801		
8763		
11820		
2505		
5917		
2031		
5780		
1409		
3175		
7681		
2890		
10657		
11539		
4150		
8340		
3245		
4086		
6327		
4551		
3209		
7446		
1578		
5333		
5944		
6889		
4939		
6145		
16689		
4869		
1890		
2282		
5719		
11708		
9293		
8380		
2049		
13380		
4417		
10648		
8505		
3688		
12493		
5936		
16674		
6225		
4921		
3384		
2542		
7753		
4953		
3068		
5251		
6294		
3078		
16314		
1800		
9664		
5590		
3236		
3186		
15755		
10912		
3782		
2326		
824		
7652		
6769		
2996		
8906		
3835		
4661		
12157		
1402		
4630		
2971		
2966		
5459		
1552		
5346		
4513		
8433		
5938		
5247		
15133		
3750		
5094		
17120		
3672		
3040		
4167		
2738		
17936		
2191		
2791		
2161		
3600		
5565		
2933		
6480		
3041		
1451		
10906		
5255		
8856		
4459		
5858		
5396		
2177		
2824		
1560		
4828		
3088		
3119		
10776		
3500		
6099		
9599		
448		
6516		
11515		
2434		
5872		
2476		
3727		
1413		
3716		
10880		
2029		
12602		
3805		
6972		
5297		
8926		
4734		
5347		
9611		
357		
4229		
10692		
3680		
7791		
3273		
6483		
1701		
11781		
7202		
2358		
10586		
4576		
5300		
15527		
4173		
3053		
4314		
3467		
4468		
1906		
4826		
2318		
5434		
7223		
5228		
5194		
4836		
11417		
4294		
6296		
1325		
3954		
5431		
2680		
6397		
8518		
4822		
21762		
3492		
5616		
5612		
7611		
2247		
16713		
5369		
11773		
6464		
10878		
2304		
4672		
12790		
3602		
7329		
4063		
6313		
10901		
7658		
7118		
4935		
10873		
5765		
3893		
11655		
460		
3802		
19529		
3324		
3844		
3117		
1514		
4965		
2905		
1251		
2801		
7765		
1293		
5334		
3543		
5381		
12481		
15145		
183		
6323		
447		
3127		
3383		
7790		
3509		
3077		
5108		
3230		
2180		
6861		
706		
17252		
9909		
3777		
13878		
5268		
4149		
8982		
3617		
6260		
15978		
11811		
10664		
8160		
5162		
4938		
4219		
1267		
9205		
2764		
6761		
6114		
3808		
8979		
8608		
8343		
3510		
8377		
3631		
11784		
5226		
1896		
4073		
9079		
5486		
13708		
12606		
6563		
3749		
11541		
2618		
16244		
1625		
6461		
4368		
15653		
3990		
7009		
4719		
5494		
11213		
4025		
578		
4067		
11026		
3100		
2983		
2251		
8533		
748		
1424		
6193		
5474		
2660		
8900		
825		
5215		
3743