15
531
186
231
133
324
530
115
2138
221
24
125
31
2511
37
141
232
25
1961
1962
151
2137
174
74
564
41
122
158
1052
1
132
184
541
490
718
175
336
28
293
747
373
2903
1140
187
493
46
56
205
567
71
276
155
287
61
543
166
712
295
87
616
156
16
323
381
100
164
200
1135
1784
145
278
2131
704
2647
27
345
358
698
99
217
560
162
317
1591
63
364
288
150
101
375
209
1117
601
211
2159
491
206
508
43
9
78
3105
2427
32
1950
1868
418
408
227
127
497
372
513
26
735
501
270
520
172
138
479
716
171
318
104
610
302
537
488
3257
82
10
623
710
3252
1145
80
348
369
736
2470
124
182
109
142
523
1175
435
548
423
1973
135
62
322
89
297
201
2123
159
69
480
98
482
45
744
48
707
1144
993
956
214
42
2105
177
542
335
630
161
536
788
1467
90
702
40
1162
457
1678
97
631
1178
476
1142
93
153
268
230
19
58
653
2510
569
2126
224
277
102
60
843
1476
1199
925
50
2646
562
1017
339
4137
1943
431
52
632
234
191
202
2601
595
154
68
66
512
2875
955
691
599
2257
2876
2650
565
481
2516
1155
7
51
507
1015
1455
1438
568
55
21
304
492
190
163
1092
76
149
2978
577
137
203
199
510
426
602
18
654
188
2533
143
973
144
2519
289
503
1169
3619
752
1366
338
489
117
1464
615
1171
1526
651
17
402
47
65
1982
434
695
648
23
694
939
3319
275
527
1019
2024
1929
34
1705
684
2079
1993
2040
75
147
1078
8414
307
484
160
2151
272
64
2002
107
1082
2136
326
641
2110
1113
1826
660
637
114
1133
1074
4277
723
617
36
1116
274
4133
253
238
284
3803
1156
280
4348
2120
1443
2278
30
390
2873
1111
2101
1968
244
726
1383
619
2076
1790
1680
579
281
1011
119
1543
612
3599
11
350
296
73
547
2170
468
94
1067
7943
178
770
2990
120
3516
1479
633
292
1038
1531
389
566
2190
1994
410
697
1177
465
570
2885
1187
6398
639
1109
130
239
2976
359
2088
113
192
1613
714
353
2106
3595
414
742
657
1141
650
85
1832
168
2520
613
3
1163
2158
495
915
3251
316
70
121
116
1820
3253
1130
535
1186
3930
3000
669
112
173
1179
618
123
207
558
734
1206
2134
965
738
2518
1180
4776
549
330
294
559
4394
3979
1957
3487
1139
1051
3226
789
179
664
312
2107
681
152
1063
946
440
2669
4361
1041
251
444
2171
4126
6682
361
354
678
2168
504
921
1517
176
2697
662
644
627
1127
4083
499
462
1759
290
1159
1124
2174
529
129
498
220
852
800
1122
110
208
1385
672
667
1157
3745
392
756
679
2590
2203
2012
467
105
422
388
594
1129
4203
424
3107
86
1146
1104
2124
518
108
3246
352
10695
867
740
283
4496
1102
237
57
1814
2994
2169
4110
1779
441
169
5158
1136
291
406
1485
666
1202
584
1168
521
1828
665
2469
305
1121
1037
3394
2969
363
2909
2871
703
2610
2173
1083
1937
454
1658
2868
675
4854
1183
1154
4276
1753
106
3372
374
5022
1173
4263
4115
1815
421
371
1445
1158
4288
1070
6938
3002
1380
2604
9752
1166
2119
4151
923
3446
393
785
780
715
346
2658
4961
1090
2127
4141
2866
1429
2572
1149
1765
1636
2534
2082
233
3638
3474
2688
2674
2525
767
2838
1284
635
1170
249
1397
4558
8
1066
1981
841
95
2961
2689
10653
1209
1138
35
1132
1091
1064
1818
1817
1629
737
652
605
975
3466
420
84
659
319
477
786
783
1439
22
1238
2211
136
1972
1949
3854
3670
3643
3532
212
1477
367
2707
629
1220
4116
3490
365
674
5145
2478
2253
131
2091
2067
912
1602
3109
360
606
148
2
4121
2000
235
215
3256
2988
699
2790
300
1160
2290
4380
4202
4060
29
1535
5954
5130
1215
273
1942
436
844
193
1421
2624
2164
519
516
1027
469
814
2927
2907
719
1376
2266
1106
1058
228
6167
2843
1411
1979
1902
3692
1827
3008
1427
2788
170
2722
1334
4389
1061
254
248
14
223
1782
195
1493
1471
5784
693
2649
4452
2217
4251
256
1987
1709
3322
722
11523
2545
1079
2093
1475
2930
1457
2777
2472
2206
2201
246
3612
3320
1384
1185
2254
1126
2167
4143
1845
1825
3527
1503
2901
2815
683
677
2686
157
310
4273
4204
3636
3250
1417
2657
1120
2216
2214
2117
4132
807
624
609
303
1203
72
1075
2072
954
7618
935
2393
1181
2078
458
3613
427
838
6591
3178
763
725
349
1228
1153
1123
1110
1108
2087
3928
3764
197
196
2503
1137
517
1013
1986
1948
416
3229
1606
2898
2888
692
603
1150
1071
2042
6410
6062
2956
1474
11538
696
2633
8790
2189
1995
3880
7748
3450
1483
1415
705
2685
4542
3960
7532
54
2998
5939
2897
2512
229
3596
3406
1518
5
2625
1273
2495
1246
308
1131
1119
4465
255
1985
3554
6094
3035
757
6052
2872
668
2668
611
139
271
2142
1023
485
947
940
7382
3538
1762
429
198
3062
189
1496
689
1219
917
1833
3452
1711
3294
6484
3197
3004
2917
642
640
8731
2114
525
4181
1998
3401
1447
621
4814
4499
2218
545
8461
2017
1003
963
7622
3241
3033
2957
2916
2602
1198
9377
286
267
990
1978
1746
3479
2711
10656
645
5000
2452
2422
2392
2109
2094
1936
3823
953
7528
3591
877
3478
13379
749
2736
1254
9718
146
2261
2153
2064
250
3876
3824
943
3454
1627
813
2959
730
2869
2672
1147
2196
2154
33
526
3644
3529
1738
3276
1628
3093
5839
88
2706
8864
2080
2077
500
1780
3480
3183
3148
769
1522
2967
5118
4514
3950
1897
3685
430
812
397
2721
2607
636
2501
2496
1222
4669
4396
2150
8361
522
1933
3545
3264
3255
3025
5986
1388
1327
331
638
4972
2306
1125
8433
3867
15023
1811
5868
686
2606
10427
4686
9040
8887
1821
3576
6914
1614
1549
1287
2555
2417
4808
544
4120
4021
242
7731
12611
12602
1481
647
79
2302
2227
4454
4416
2128
2099
1988
1945
3244
6083
2867
2800
1390
2723
337
2663
663
5127
5125
2543
1134
1065
1964
1772
3485
1702
3266
3045
5941
2865
4346
134
2097
2086
2069
7384
1761
411
1607
6163
1529
3038
1509
11822
1352
646
4987
4949
2250
8922
551
1073
8500
1951
1747
3493
2891
8919
1093
2125
3998
15762
7752
958
1842
1796
1621
803
6185
3031
3027
1489
1459
11648
181
2818
1398
1341
2652
165
5265
1224
2194
1054
2095
7732
1764
3448
848
835
103
6480
398
3156
6151
382
753
5983
2708
2702
83
626
1112
4419
552
2130
494
1938
7239
3517
5961
2958
11824
355
688
4762
1189
2255
2230
2226
1081
7834
471
3649
225
3445
6804
6479
3187
6262
759
1469
2852
2804
2762
2727
2639
2538
1256
2421
4815
4783
8492
1035
1977
969
3859
3827
3784
1824
452
1755
6051
3014
1468
708
2787
2774
2694
1320
1274
1229
4765
4282
4262
4218
240
3484
204
3248
1618
384
604
600
2308
4482
2236
4453
2208
16799
1010
2004
865
3265
3249
12618
12610
6144
1527
762
380
728
2795
2571
5117
2521
4906
1174
8879
2213
4309
2146
16314
15971
59
3799
6481
1583
12481
739
1473
649
1152
4464
1018
1953
1900
931
1813
7226
3113
3030
2964
2937
732
2684
1319
1242
4889
4761
1167
1165
4177
3891
1749
3409
6806
796
396
764
661
2450
2104
4112
1016
7383
1816
3585
840
399
777
772
11708
11526
327
5159
5152
2548
4395
8428
3616
849
3309
6477
3218
6139
366
717
2796
10659
1191
1172
2344
4663
2212
1098
8368
16693
3952
1919
1887
1876
3640
3590
1769
3463
6476
1612
3203
790
2979
2742
2724
1324
2498
9681
9527
2277
9102
2234
8938
8850
17019
528
4077
7987
3962
7632
1620
6483
3116
12129
11811
11810
5703
2828
2744
1270
628
9786
1118
2111
2028
1975
1932
3720
905
3618
6979
6848
1624
784
1545
12327
1536
6092
3021
5700
1406
10885
1245
2440
285
17662
4393
7221
218
13280
3227
12606
12584
3135
6234
1546
6161
11785
11644
180
11563
1208
2339
561
2228
2220
1101
2122
8339
1039
7941
1971
7658
1913
1839
894
3555
3540
3515
3331
3321
6488
3231
12612
3108
1521
6056
1465
1452
347
2779
39
2509
9663
2350
580
4550
4471
1105
2155
4144
2045
16312
3807
899
1775
1740
6478
12681
12181
1487
1478
1389
10675
2667
4993
4901
1207
2356
9110
18140
8983
2133
17036
4197
8394
16244
2005
2003
1715
13383
833
3263
12882
1563
12190
3047
377
5947
2879
2830
1414
351
344
685
682
329
634
2527
4832
9245
563
2238
8904
8884
4401
2186
1084
2140
1020
1969
472
7413
901
892
1776
1771
428
6590
6482
797
6255
6254
778
2999
11542
1369
2737
167
2676
5285
20747
20
321
315
2483
4942
9611
4758
2246
279
1103
4326
259
1028
1992
3958
15563
241
222
888
12608
1456
2673
2651
1303
20799
9185
9163
4506
8901
2179
4226
4087
15773
15662
952
945
3751
14657
3639
7262
3539
3520
6931
415
6384
1532
1425
2586
5112
5104
2494
2423
2299
4594
9156
1088
8661
2135
8436
524
7980
3923
15607
474
6940
1651
13033
12737
12599
1574
383
11825
10426
2479
2453
2269
2185
540
539
8598
4284
1048
2092
1044
4117
1997
15608
7378
913
873
13284
1599
1581
12471
6136
6129
745
11707
2923
1434
2733
2691
2666
21317
5220
2605
1297
5065
608
607
1087
4205
2090
4119
7222
3601
897
6896
6861
1704
6461
3154
787
12598
1537
2734
334
1333
1283
2448
2307
8606
1049
16365
1966
3671
3661
3507
1748
6941
3470
1716
13493
13358
3333
3318
1638
12503
6145
6143
6032
3001
11649
2892
1381
687
673
2665
656
1281
4947
301
597
4701
4647
9153
18151
18139
2181
1085
8468
4118
496
14987
1812
443
3500
792
6319
6140
1516
6061
1472
11550
1430
1408
1386
10673
2644
614
9106
8832
17028
2081
509
16315
7962
3925
7228
210
13385
6681
1647
3243
6485
3238
6256
12331
6040
11930
2968
2743
81
2504
311
4985
4956
9604
2249
8906
2200
1097
1076
8612
2152
1056
4059
15508
7730
3648
1822
3626
13
3521
6830
3323
6623
6269
1562
3103
387
6134
1510
5978
5884
721
10655
2653
2648
1276
4992
622
4860
1151
2291
8929
8921
1100
4388
17496
17041
1060
8337
3890
3879
7223
1774
7060
6895
3298
805
12605
779
6141
760
1480
2935
11521
1405
1400
2720
5371
5363
2615
10321
1241
2436
4715
9378
2272
2222
4187
1036
1030
4091
2044
3957
15518
3716
1805
1797
439
13283
827
1631
13017
774
3094
729
5807
2870
11466
1404
2765
2749
343
2444
4823
1204
298
9450
2231
8851
2156
534
1068
2100
1047
16706
4139
486
15524
1823
3237
1585
194
96
12189
1514
6025
1501
2925
2746
2735
2654
1322
2635
5109
2419
1197
18827
4536
8935
8880
8827
8791
1089
8490
4169
128
4086
126
31963
3924
7753
1923
3817
3798
7524
3657
7255
1801
446
3553
1750
3486
3475
845
13378
3290
1643
3270
3247
405
6406
1573
6270
6148
1504
11816
2943
11773
5853
2920
2887
11378
2698
10661
5108
5103
4601
18128
2178
4261
2043
977
7603
3719
891
1768
3505
13654
3405
846
1548
3072
3067
6084
1500
2821
2700
2640
2634
1307
1280
1250
4989
1212
9410
581
18458
4608
2285
4515
8939
4456
2204
269
17252
8537
8379
1025
16254
1014
15978
1976
15764
7741
1931
7587
14853
3597
1679
3260
1610
6044
5987
11821
11597
5762
2880
1393
2609
325
2588
10016
4969
1234
4872
9452
4710
1148
2197
2147
532
1059
1026
3888
15517
3768
3760
15001
466
929
7386
898
3504
1714
13632
6389
12748
6323
12600
3131
3046
6049
754
2977
11849
2884
1435
1428
10864
2687
2679
5343
2627
2603
5060
1258
4797
1196
9482
9468
576
2287
2271
8885
8849
2157
8613
533
265
4190
2089
2073
1021
2006
992
1947
7744
934
3412
3267
6490
12742
3171
12601
6160
3011
2929
727
1454
44
342
1349
2671
5129
2526
2480
309
2424
2420
4824
4768
9449
1164
2301
1143
18129
4516
4407
2182
2161
4292
2121
4232
1040
4024
3972
7746
1928
3792
927
916
7238
7237
3605
3449
6745
6606
1623
12830
1600
3160
1570
3081
2974
5912
11786
5770
11515
2716
2661
2660
5261
5035
2514
4907
306
2336
1161
282
4445
4293
4188
4163
2050
4101
7989
15533
944
3710
3664
3603
886
13449
6715
412
12865
1604
1587
24934
6142
6063
2987
11838
5857
2926
2900
11541
5760
5759
711
1407
10657
1233
1232
9397
4670
4617
4612
4462
2215
8623
8610
2145
2141
4279
4274
2132
17055
8523
8495
1029
16191
31964
3934
1935
3780
3767
7525
3697
1830
904
7151
3488
871
6912
3453
6756
13282
1633
12
12733
3114
6188
385
751
5966
2962
11820
2922
5775
1372
21928
2675
10671
5171
5146
5138
2513
9921
1230
9599
9475
589
2281
4427
4399
2176
4342
1080
538
1062
8391
2019
63902
3955
1959
15668
7750
475
236
3739
7293
3608
1730
6464
12735
776
24735
376
2918
11520
11361
701
10664
10546
2477
1188
9463
4706
2289
9021
4447
8894
8814
4280
17121
4174
8344
2034
999
7982
3882
1894
3727
926
14659
3646
884
3499
3455
3447
3403
3368
13278
3287
3282
3259
3208
3170
6175
6158
1534
1520
3005
11697
11539
2806
700
5355
1335
655
2475
19578
9459
590
2312
8979
2229
2202
8477
8388
8383
8381
16219
1991
1989
1954
3898
1880
3728
3709
3541
7048
437
3496
3494
216
6870
6860
1699
13276
6554
810
3182
3163
12297
6091
6077
1499
370
11812
368
2789
2786
5428
2678
2670
1332
5212
5163
2482
1182
2309
18137
8936
2175
17113
4208
2074
16318
4022
1965
3897
1934
1921
3678
3634
7259
3586
1763
3465
1729
1722
1721
6793
1676
1646
6537
12976
6426
1594
12603
6260
1538
1523
6045
2975
11774
5859
2889
1418
2823
11245
1403
2776
11057
5523
1323
5193
10332
1285
5143
5120
314
4951
2429
4850
9667
1205
9617
596
587
4694
4671
4605
4592
9063
4391
2184
8634
8511
2116
16713
4140
15977
7986
984
7739
7648
7592
942
3726
1841
3647
7161
6890
6725
13381
3307
6292
1540
6055
720
2750
1365
10913
680
5429
2682
2542
625
77
2486
4916
19502
4827
1195
9506
9451
1176
9398
4684
18134
4455
4436
8856
4347
8608
8533
2098
8386
2068
1012
3947
15713
980
3896
1940
3754
1871
7202
3588
1787
3547
27845
13386
13293
3316
6624
1601
1586
6287
24703
12274
3049
1497
2946
733
731
1460
23120
11544
22532
2751
2704
1339
10428
5165
5139
5074
5023
2342
4626
2286
4468
8522
4250
4248
8460
2108
2103
4183
2007
2001
31962
3975
7951
3956
15722
1956
1955
7765
7549
1861
1807
7196
449
3593
869
3305
3301
409
1635
6517
811
6487
12617
12594
3092
1544
3063
758
1515
1498
5976
5944
2863
2862
2847
2846
11149
5422
671
5238
5179
2508
5004
2459
9738
9661
9415
578
2256
2233
4467
8892
2199
17434
2166
8505
1055
2102
4189
8355
16674
2083
2075
2030
16223
16119
1005
3999
3983
3967
982
3902
7786
15532
3857
3843
7526
3750
7379
14706
3642
3627
906
7200
1777
3543
7041
219
7000
6884
6743
1683
13389
3317
1617
24926
1557
386
6138
1525
6075
743
5936
2947
362
5550
2768
11063
2726
10668
1318
1309
2619
5186
1282
2565
2549
2539
5029
4976
2446
4826
598
1192
4747
4683
9292
2297
9164
18132
17938
8933
8886
8842
17171
8434
8364
1042
31970
3921
957
7620
14990
1872
1851
14803
459
7217
3477
1724
3434
3379
6712
13380
3332
1664
6654
3326
6592
12994
1597
3192
3186
49
6335
6313
12613
6274
6231
6193
1547
6135
1528
6110
5883
5876
1462
2877
11297
22077
2741
1368
2693
2681
5320
2655
5292
5273
658
1289
5025
38
2435
4865
4843
2394
9409
4681
18726
2338
4673
9172
4544
18135
18119
17936
2112
16761
4157
4125
15792
3911
3894
1941
7759
3818
3800
3763
1879
3721
3718
3707
908
1795
1783
3549
3544
7045
3476
6920
836
6687
13357
3327
6604
6530
1626
6447
6430
1603
6224
6166
6149
12273
6060
3010
1488
23534
11754
11750
5874
11703
2895
2883
2757
21762
21532
2683
2680
2642
1313
10430
2581
20035
9909
4769
9443
4616
2292
9160
9100
18149
2260
2219
546
2177
17419
17241
4294
2139
4271
17017
8489
1057
16701
4114
511
4027
7946
15770
3935
245
1960
3833
15133
14985
3701
3699
3672
7267
7243
3617
7224
3519
876
1737
6908
851
6788
1637
12996
6381
12680
6324
12607
781
12496
12326
6146
3037
3036
6050
5981
5953
5940
11784
5865
5833
11058
21840
5430
1354
1346
2677
1329
5300
10565
5252
20849
5203
1299
2567
4964
4847
9173
8973
17945
4472
8930
8926
8829
17423
4314
17119
17039
8507
8422
4173
4135
4113
2055
4071
16245
4020
8015
31975
15980
3993
3985
3984
15790
3908
3878
1924
961
951
3673
14607
1781
7066
3458
3397
1690
1659
1630
12997
12995
6462
6310
3123
12474
6230
1553
6189
6184
3059
1524
761
12157
1502
3003
5943
11875
11813
1444
1441
1387
2753
5491
1347
21457
2638
5258
2621
5234
10256
1269
1266
2515
20021
4965
4888
9660
19076
2237
4460
8900
4446
4392
17491
2183
1086
17000
4219
16718
16098
1996
7984
7972
3980
15776
1958
15661
3887
3839
3826
7636
3790
7529
15002
14991
932
3729
14744
3680
3621
1791
7050
3524
3503
1739
432
1728
27596
856
3381
419
839
13204
6568
6441
791
1561
6225
12411
6114
6033
5951
5949
11790
5888
1470
23115
11522
11471
2861
2831
11078
2760
2732
10910
1358
10666
10648
2656
10512
1302
2554
5105
2551
1239
1237
4798
4702
4665
9255
2275
4540
2247
8857
8837
17607
4387
4341
8600
8565
17040
4255
8498
1053
263
8395
258
16545
2058
16393
31942
3982
1974
15657
61717
7654
3821
3801
3781
3744
930
3653
3583
1785
890
1760
438
433
6937
3410
6803
1682
6707
13382
13279
6509
1625
12992
1592
12734
12655
6246
3119
12473
24933
1550
24728
12351
12293
2973
11889
741
5927
11778
2919
5832
2890
11556
5773
5769
5765
11525
5758
713
11370
2801
2780
11109
22189
1379
1378
2755
2754
2719
21589
2641
1312
2623
5164
1286
2524
2481
1240
4954
2458
1227
19492
4855
4811
4807
18894
4717
2341
9264
18423
4598
9109
1114
17776
17711
4312
17244
1077
4289
4231
262
8348
4100
16039
3973
15717
3905
3900
7734
3845
3832
478
1891
3681
911
7257
3592
7024
1727
13666
3414
213
13492
1677
13388
417
3340
3337
3330
3299
6531
12831
6414
799
6340
12656
6318
12476
12472
12463
12276
6131
3023
3017
3015
5946
11848
11783
11746
23159
5779
2882
5755
1410
1401
22343
11055
10868
10865
10590
5274
1315
2611
10377
20624
10260
1257
4963
1236
4922
1217
4800
19125
1194
19031
4756
4650
4597
18056
17888
4439
4381
4344
4318
8635
4
4264
17023
4209
8415
16795
8378
1032
31969
31965
3989
1967
3933
3927
1952
3892
1944
7599
3766
14901
463
3679
902
893
3498
3472
6886
3408
6812
3404
6805
13450
13422
13346
1662
13288
828
3283
6545
12991
3240
3236
6405
6397
12790
3196
3188
1579
3151
6291
6272
12493
12461
3112
3074
3028
5880
5854
5829
5782
11552
11529
5705
22196
1364
5410
10680
10662
1330
5294
5289
2629
10025
4945
9854
4921
299
9057
18109
4509
8956
8816
2198
4373
8604
4285
17129
17034
2118
8387
8365
4170
8172
2031
2026
4032
16048
3951
3929
1946
15527
7749
7652
3789
3786
3785
3758
7436
7337
3662
3572
3552
7049
857
3427
6759
1681
13384
26555
3311
6621
13107
815
6511
3234
12909
6321
6315
1567
3132
6227
3090
771
6162
6153
12193
6095
1508
5969
5878
2938
1442
5714
11367
1416
11151
11113
1371
1361
10665
5162
5140
10274
320
5094
2540
2464
4929
2439
4764
4724
9379
4689
9287
4611
9157
9108
4551
9087
18154
8867
8863
8764
4370
67
17225
4297
17075
16996
4230
4229
4228
4212
16722
515
4124
15979
15974
7981
3969
3961
974
7736
1926
30173
7542
3770
3757
938
7418
3689
14586
7261
7234
450
7197
111
3542
7038
1744
3444
3425
3396
26930
6717
6686
13332
13287
823
12989
6438
6364
12501
1556
1551
6194
6191
1542
6130
6098
6097
3043
24290
5979
1494
5965
5958
11876
5886
5838
11655
5816
11609
1450
11583
23148
11543
5764
5719
5712
2851
11366
11299
5542
11074
340
21763
2712
21567
1328
10580
1317
10367
1275
5076
4937
19715
2463
4926
2447
2434
4801
4773
18730
2305
18383
18356
9111
9104
18152
4520
2245
17916
8940
2232
8920
17838
17669
4413
4386
8763
4270
8389
16716
16672
4131
16032
3942
15757
15704
3877
3844
7604
15160
14992
14986
3686
3652
7248
28543
445
7067
1743
6968
27704
27703
27132
3324
13285
13237
1644
13006
1622
6327
1580
6294
1568
12449
6164
3075
6112
3050
6090
3044
3040
1519
379
6071
3034
1506
750
2996
1492
5967
5938
11823
2931
5780
1437
1426
11372
11369
2833
11104
2752
21891
21734
2713
21580
1321
2632
2618
20898
643
5116
1259
1248
9903
2471
9884
4935
19711
9810
4895
1223
4857
1190
9456
4721
4666
2248
8970
8928
17609
17606
8802
4275
16997
4167
4149
8240
4090
4076
15983
998
15731
978
7791
15557
3855
3783
7446
7414
14746
456
14601
14590
7256
7247
28648
895
887
3509
3461
1725
3426
850
1698
6729
13455
13420
3336
831
13294
1661
3285
6532
13001
6375
6289
12502
12488
1533
3055
6107
12195
12191
6019
11980
5973
1486
185
23716
11818
23569
5858
2928
11675
23282
724
11368
22593
1399
22376
2773
22182
2728
21671
1340
21424
5316
10538
328
5196
5144
5137
5126
20339
5072
2507
9956
1244
9897
9788
2443
9668
9633
9480
9385
18460
574
18388
9161
18131
18069
2252
17811
553
4402
2193
17253
17033
2115
16825
4198
8363
8181
4068
16112
16097